function Ans=Tk5(x)
%UNTITLED5 此处显示有关此函数的摘要
%   此处显示详细说明
       a1 =    1.47e+21;
       b1 =       246.1;
       c1 =       0.711;
       a2 =  -1.952e+06;
       b2 =       234.5;
       c2 =     0.08745;
       a3 =   1.773e+07;
       b3 =       246.7;
       c3 =       12.65;
       a4 =           0;
       b4 =       222.2;
       c4 =    0.005977;
       a5 =     2.3e+06 ;
       b5 =       216.8  ;
       c5 =        9.17  ;
       a6 =  -4.994e+05 ;
       b6 =       207.7  ;
       c6 =       1.701  ;
       a7 =   2.584e+06  ;
       b7 =       197.6 ;
       c7 =       19.39  ;
            Ans =  a1.*exp(-((x-b1)./c1).^2) + a2.*exp(-((x-b2)./c2).^2) + a3.*exp(-((x-b3)./c3).^2) + a4.*exp(-((x-b4)./c4).^2) + a5.*exp(-((x-b5)./c5).^2) + a6.*exp(-((x-b6)./c6).^2) + a7.*exp(-((x-b7)./c7).^2);


end

