function Ans = Tk4(x)
%UNTITLED3 此处显示有关此函数的摘要
%   此处显示详细说明

       a1 =   7.516e+05  ;
       b1 =       211.7  ;
       c1 =        20.7  ;
       a2 =       -6519  ;
       b2 =         218  ;
       c2 =       2.209  ;
       a3 =        2470  ;
       b3 =       222.4  ;
       c3 =        1.74  ;
       a4 =   1.683e+04  ;
       b4 =       225.3  ;
       c4 =       3.124 ;
       a5 =    1.19e+05  ;
       b5 =       231.7  ;
       c5 =       6.111  ;
       a6 =   7.093e+18  ;
       b6 =       930.8  ;
       c6 =       125.1  ;
       a7 =   4.446e+04  ;
       b7 =       236.2  ;
       c7 =       3.109  ;
       a8 =   3.784e+04  ;
       b8 =       239.2  ;
       c8 =       2.442  ;
     Ans =  a1.*exp(-((x-b1)./c1).^2) + a2.*exp(-((x-b2)./c2).^2) +  a3.*exp(-((x-b3)./c3).^2) + a4.*exp(-((x-b4)./c4).^2) +  a5.*exp(-((x-b5)./c5).^2) + a6.*exp(-((x-b6)./c6).^2) +  a7.*exp(-((x-b7)./c7).^2) + a8.*exp(-((x-b8)./c8).^2);

end

